#####################################
# Fusion lattices for association schemes of order up to 30
# - started by Allen Herman and Sourav Sikdar, Mitacs Globalink Project, 2011
# - completed by Isolating Fusions project, Allen Herman and Roghayeh Maleki, February 2021
#####################################

#Order 6: Groups: Nos. 7,8.
Fusions6 := [ [ [ 1, [ ] ], [ 2, [ 1 ] ], [ 3, [ 1 ] ], [ 4, [ 3 ] ], [ 5, [ 2, 3 ] ], [ 6, [ 2 ] ], [ 7, [ 4, 5 ] ], [ 8, [ 4, 5, 6 ] ] ] ];

#Order 7: Group: No. 4.
Fusions7 := [ [ 1, [ ] ], [ 2, [ 1 ] ], [ 3, [ 1 ] ], [ 4, [ 2, 3 ] ] ];

#Order 8: Groups: Nos. 17 to 21.
Fusions8 := [ [ 1, [ ] ], [ 2, [ 1 ] ], [ 3, [ 1 ] ], [ 4, [ 2, 3 ] ], [ 5, [ 2, 3 ] ], [ 6, [ 2 ] ], [ 7, [ 4 ] ], [ 8, [ 4 ] ], [ 9, [ 4 ] ], [ 10, [ 4 ] ], [ 11, [ 4 ] ], [ 12, [ 4 ] ], [ 13, [ 5, 7, 9 ] ], [ 14, [ 7, 11 ] ], [ 15, [ 8, 9 ] ], [ 16, [ 8, 11 ] ], [ 17, [ 10, 12, 16 ] ], [ 18, [ 13, 14, 15 ] ], [ 19, [ 10, 13, 15 ] ], [ 20, [ 6, 12, 15 ] ], [ 21, [ 13 ] ] ];

#Order 9: Groups: Nos. 11, 12.
Fusions9 := [ [ 1, [ ] ], [ 2, [ 1 ] ], [ 3, [ 1 ] ], [ 4, [ 2 ] ], [ 5, [ 2, 3 ] ], [ 6, [ 2 ] ], [ 7, [ 4, 6 ] ], [ 8, [ 5 ] ], [ 9, [ 2 ] ], [ 10, [ 4, 5, 6 ] ], [ 11, [ 7, 9 ] ], [ 12, [ 7, 8, 10 ] ] ];

#Order 10: Groups: Nos. 12, 13.
Fusions10 := [ [ 1, [ ] ], [ 2, [ 1 ] ], [ 3, [ 1 ] ], [ 4, [ 1 ] ], [ 5, [ 2 ] ], [ 6, [ 2, 4 ] ], [ 7, [ 4 ] ], [ 8, [ 7 ] ], [ 9, [ 5, 6, 7 ] ], [ 10, [ 3, 6, 7 ] ], [ 11, [ 5 ] ], [ 12, [ 8, 9 ] ], [ 13, [ 8, 9, 11 ] ] ];

#Order 11: Group: No. 4.
Fusions11 := [ [ 1, [ ] ], [ 2, [ 1 ] ], [ 3, [ 1 ] ], [ 4, [ 2, 3 ] ] ];

#Order 12: Groups: Nos. 55 to 59.
Fusions12 := [ [ 1, [ ] ], [ 2, [ 1 ] ], [ 3, [ 1 ] ], [ 4, [ 1 ] ], [ 5, [ 1 ] ], [ 6, [ 3 ] ], [ 7, [ 2, 4 ] ], [ 8, [ 2, 5 ] ], [ 9, [ 2, 5 ] ], [ 10, [ 2 ] ], [ 11, [ 3, 5 ] ], [ 12, [ 3, 4 ] ], [ 13, [ 4 ] ], [ 14, [ 7 ] ], [ 15, [ 7 ] ], [ 16, [ 6, 11 ] ], [ 17, [ 8, 11 ] ], [ 18, [ 8 ] ], [ 19, [ 7, 8 ] ], [ 20, [ 7 ] ], [ 21, [ 7, 13 ] ], [ 22, [ 7 ] ], [ 23, [ 11 ] ], [ 24, [ 11 ] ], [ 25, [ 9, 14, 19 ] ], [ 26, [ 14, 21 ] ], [ 27, [ 15, 19 ] ], [ 28, [ 15, 21 ] ], [ 29, [ 16, 23 ] ], [ 30, [ 16, 24 ] ], [ 31, [ 6, 12, 13 ] ], [ 32, [ 12, 17, 19 ] ], [ 33, [ 9, 17, 23 ] ], [ 34, [ 17, 24 ] ], [ 35, [ 16, 17 ] ], [ 36, [ 16, 17, 18 ] ], [ 37, [ 32 ] ], [ 38, [ 18, 19 ] ], [ 39, [ 32 ] ], [ 40, [ 12, 20 ] ], [ 41, [ 18, 19, 21 ] ], [ 42, [ 29, 33, 35 ] ], [ 43, [ 30, 34, 35 ] ], [ 44, [ 29, 33, 36 ] ], [ 45, [ 30, 34, 36 ] ], [ 46, [ 25, 32, 33 ] ], [ 47, [ 25, 38 ] ], [ 48, [ 25, 26, 41 ] ], [ 49, [ 10, 20, 22, 26 ] ], [ 50, [ 27, 38 ] ], [ 51, [ 27, 32, 34 ] ], [ 52, [ 27, 28, 41 ] ], [ 53, [ 32, 36, 38 ] ], [ 54, [ 31, 32, 36, 41 ] ], [ 55, [ 22, 39, 45, 50, 51, 53 ] ], [ 56, [ 37, 45, 51, 52, 54 ] ], [ 57, [ 31, 40, 49 ] ], [ 58, [ 37, 42, 44, 46, 47, 53 ] ], [ 59, [ 39, 44, 46, 48, 54 ] ] ];

#Order 13: Group: No. 6.
Fusions13 := [ [ 1, [ ] ], [ 2, [ 1 ] ], [ 3, [ 1 ] ], [ 4, [ 2 ] ], [ 5, [ 2, 3 ] ], [ 6, [ 4, 5 ] ] ];

#Order 14: Groups: Nos. 15, 16.
Fusions14 := [ [ 1, [ ] ], [ 2, [ 1 ] ], [ 3, [ 1 ] ], [ 4, [ 2, 3 ] ], [ 5, [ 2 ] ], [ 6, [ 3 ] ], [ 7, [ 3 ] ], [ 8, [ 2 ] ], [ 9, [ 3 ] ], [ 10, [ 4, 6, 7 ] ], [ 11, [ 4, 5, 6 ] ], [ 12, [ 6, 9 ] ], [ 13, [ 4, 8, 9 ] ], [ 14, [ 5, 8 ] ], [ 15, [ 10, 12, 13 ] ], [ 16, [ 11, 12, 13, 14 ] ] ];

#Order 15: Groups: No. 25. NonSchurian Scheme: No. 5
Fusions15:=[ [ 1, [ ] ], [ 2, [ 1 ] ], [ 3, [ 1 ] ], [ 4, [ 1 ] ], [ 5, [ 1 ] ], [ 6, [ 2 ] ], [ 7, [ 3 ] ], [ 8, [ 2, 3 ] ], [ 9, [ 2, 4 ] ], [ 10, [ 2 ] ], [ 11, [ 3 ] ], [ 12, [ 6, 10 ] ], [ 13, [ 7, 11 ] ], [ 14, [ 8 ] ], [ 15, [ 7 ] ], [ 16, [ 6, 9 ] ], [ 17, [ 6, 8, 11 ] ], [ 18, [ 7, 8, 10 ] ], [ 19, [ 10 ] ], [ 20, [ 13, 15 ] ], [ 21, [ 12, 19 ] ], [ 22, [ 18 ] ], [ 23, [ 12, 13, 14, 17, 18 ] ], [ 24, [ 15, 18, 19 ] ], [ 25, [ 20, 21, 22, 23, 24 ] ] ];

#Order 16: Groups: Nos. 209 to 222.
Fusions16:=[ [1,[]],[2,[1]],[3,[1]],[4,[1]],[5,[]],[6,[]],[7,[]],[8,[2,3]],[9,[2,7]],[10,[2,7]],[11,[2]], [12,[3,5]],[13,[3,7]],[14,[5]],[15,[3,6]],[16,[3,5]],[17,[3]],[18,[3]],[19,[3]],[20,[4]],[21,[4]],[22,[8]],[23,[8]],[24,[8,9,13]],[25,[[8]],[27,[8]],[28,[9,13]],[29,[9]],[30,[4,9]],[31,[9]],[32,[12,14]],[33,[6,12,16]],[34,[15]],[35,[13]],[36,[13]],[37,[22,24]],[38,[23,24]],[39,[10,22,25]],[40,[22,26]],[41,[23,25]],[42,[23,26]],[43,[24]],[44,[24]],[45,[24]],[46,[24]],[47,[4,12,25,28]],[48,[25]],[49,[25,29]],[50,[25,29]],[51,[25]],[52,[24,35]],[53,[24]],[54,[5,24,30]],[55,[6,24,30]],[56,[24,36]],[57,[24]],[58,[24,31]],[59,[24,31]],[60,[10,28,35]],[61,[28,36]],[62,[32]],[63,[18,34]],[64,[28,37,43]],[65,[37,45]],[66,[38,43]],[67,[38,45]],[68,[37,52]],[69,[37,53]],[70,[37,56]],[71,[37,57]],[72,[38,52]],[73,[38,53]],[74,[38,56]],[75,[38,57]],[76,[25,43,52]],[77,[14,43,54]],[78,[15,16,43,54,55]],[79,[17,43,55]],[80,[44,52]],[81,[44,53]],[82,[43,56]],[83,[43,58]],[84,[43,58,59]],[85,[43,59]],[86,[44,56]],[87,[44,57]],[88,[45,52]],[89,[45,54]],[90,[45,55]],[91,[46,52]],[92,[53,46]],[93,[45,56]],[94,[18,45,58]],[95,[45,59]],[96,[46,56]],[97,[46,57]],[98,[64,68,76]],[99,[39,60,64,76]],[100,[64,69]],[101,[64,70,82]],[102,[61,64,82]],[103,[64,71]],[104,[65,68,88]],[105,[65,69]],[106,[65,70,93]],[107,[65,71]],[108,[66,72,76]],[109,[41,66,76]],[110,[66,74,82]],[111,[66,82]],[112,[67,72,88]],[113,[67,74,93]],[114,[30,39,47,60]],[115,[30,39,48,50]],[116,[39,40,49,51]],[117,[31,41,47,61]],[118,[41,48,49]],[119,[11,27,31,41,50,51]],[120,[76,80]],[121,[76,91]],[122,[80,88]],[123,[88,91]],[124,[64]],[125,[44,64,66]],[126,[64,65,66]],[127,[29,46,66]],[128,[44,46,67]],[129,[47,54,98]],[130,[98,104]],[131,[58,104]],[132,[54,58,70]],[133,[76]],[134,[81]],[135,[53,76,88]],[136,[76,82,88]],[137,[81]],[138,[26,57,88]],[139,[53,57,93]],[140,[98,99,124]],[141,[101,102,124]],[142,[98,99,109,125]],[143,[80,99,108,125]],[144,[101,102,111,125]],[145,[86,102,110,125]],[146,[98,104,109,126]],[147,[99,108,109,126]],[148,[101,106,111,126]],[149,[102,110,111,126]],[150,[91,108,109,127]],[151,[80,91,112,128]],[152,[96,110,111,127]],[153,[86,96,113,128]],[154,[98,99,133]],[155,[20,32,77,129]],[156,[21,33,78,129]],[157,[99,100,120]],[158,[69,98,104,135]],[159,[99,135]],[160,[89,129,130]],[161,[48,99,120,121]],[162,[98,102,104,136]],[163,[99,101,102,136]],[164,[83,130,131]],[165,[84,130,131]],[166,[99,103,121]],[167,[77,83,101,132]],[168,[78,84,101,132]],[169,[100,102,103]],[170,[40,71,104,138]],[171,[69,71,106,139]],[172,[94,131]],[173,[18,89,106,132]],[174,[108,109,133]],[175,[78,109,120]],[176,[73,108,112,135]],[177,[109,135]],[178,[109,120,121]],[179,[108,111,112,136]],[180,[109,110,111,136]],[181,[51,84,109,121]],[182,[34,78,84,111]],[183,42,75,112,138]],[184,[73,75,113,139]],[185,[114,129,140,154]],[186,[129,130,140,158,159]],[187,[130,140,141,162,163]],[188,[120,142,143,154,174]],[189,[142,158,159,177]],[190,[120,122,143,159,176]],[191,[142,144,145,162,163,180]],[192,[122,143,144,163,179]],[193,[130,146,147,154,174]],[194,[100,105,129,130,146,158]],[195,[130,131,146,158,177]],[196,[147,159,176,177]],[197,[117,129,130,131,146,162]],[198,[131,146,149,162,180]],[199,[147,148,149,163,179,180]],[200,[103,107,130,131,146,170]],[201,[100,103,105,107148,171]],[202,[49,121,151,176]],[203,[81,92,120,121,151,176]],[204,[50,121,123,150,176,177]],[205,[120,121,122,123,151,177]],[206.[180,179,152,150]],[207,[87,97,122,123,151,183]],[208,[184,153,97,81]],[209,[87,92,134,137,153,184,208]],[210,[165,172,182,197,198]],[211,[155,160,164,165,167,186,187,194,195,197]],[212,135,160,164,172,194,195,197,198,200]],[213,[157,166,169,178,199,201,205]],[214,[205,199,182,181,175,168,161]],[215,[203,190,161,157,135,134,125,108]],[216,[204,203,190,178,175,166,161,128,125,115,112]],[217,[204,203,181,178,137,128,127,119,112]],[218,[147,160,164,185,187,193,197]],[219,[194,193,188,186,185,175,160,157,156]],[220,[202,200,193,181,166,165]],[221,[161,178,188,193,202]],[222,[185,155,133,62]]];

#Order 17: Group: No. 5.
Fusions17:=[ [ 1, [ ] ], [ 2, [ 1 ] ], [ 3, [ 2 ] ], [ 4, [ 3 ] ], [ 5, [ 4 ] ] ];

#Order 18: Groups: Nos. 91 to 95.
Fusions18:=[[1,[]],[2,[1]],[3,[1]],[4,[1]],[5,[1]],[6,[3]],[7,[2,4]],[8,[2]],[9,[2,5]],[10,[3,4]],[11,[3,4]],[12,[3,5]],[13,[5]],[14,[4]],[15,[6,10]],[16,[6,12]],[17,[7,10]],[18,[7]],[19,[7,8]],[20,[7,14]],[21,[12,13]],[22,[12]],[23,[10,12]],[24,[12]],[25,[10,14]],[26,[16,22]],[27,[15,16,23]],[28,[15,25]],[29,[6,11,14]],[30,[11,17,19]],[31,[9,17,23]],[32,[17,20,25]],[33,[18,20]],[34,[19]],[35,[7]],[36,[8,9,13]],[37,[9,13]],[38,[21]],[39,[12]],[40,[11,21,23]],[41,[22,24]],[42,[15,17]],[43,[15,17,18]],[44,[16,21,22]],[45,[16,24]],[46,[16,24]],[47,[30,34]],[48,[17,35]],[49,[18,19,20]],[50,[38,40]],[51,[23,39]],[52,[22,23]],[53,[22,23,25]],[54,[27,31,42]],[55,[28,32,42]],[56,[27,31,43]],[57,[28,32,33,43]],[58,[27,40,44]],[59,[26,27,52]],[60,[26,41,45]],[61,[26,27,28,53]],[62,[26,46]],[63,[30,31,36,40]],[64,[21,36]],[65,[30,32,49]],[66,[31,52]],[67,[31,32,53]],[68,[29,30,43,49]],[69,[40,44,52]],[70,[29,40,44,53]],[71,[26,38,44]],[72,[26,39]],[73,[54,59,66]],[74,[54,55,61,67]],[75,[56,59,66]],[76,[56,57,61,67]],[77,[47,50,63]],[78,[31,48,51]],[79,[50,63,64]],[80,[37,38,64]],[81,[33,34,49]],[82,[33,35]],[83,[50,58,59,69,71]],[84,[51,59,72]],[85,[50,58,61,70,71]],[86,[51,61,72]],[87,[45,54,58,63,66]],[88,[56,58,63,65,67,68,70]],[89,[47,57,65,68,81]],[90,[48,57,82]],[91,[73,78,84]],[92,[76,78,86,90]],[93,[60,74,75,79,83,85,87,88]],[94,[87,83,77,73,60]],[95,[89,88,85,77,76]] ];

#Order 19: Group: No. 7. NonSchurian Scheme: No. 2.
Fusions19:=[ [ 1, [ ] ], [ 2, [ 1 ] ], [ 3, [ 1 ] ], [ 4, [ 1 ] ], [ 5, [ 3, 4 ] ], [ 6, [ 4 ] ], [ 7, [ 5, 6 ] ] ];

#Order 20: Groups: Nos. 91 to 95.
Fusions20:=[[1,[]],[2,[1]],[3,[1]],[4,[1]],[5,[1]],[6,[2,3]],[7,[2 ] ],[ 8, [ 2, 5 ] ],[ 9, [ 2, 5 ] ],[ 10, [ 2 ] ],[ 11, [ 4 ] ],[ 12, [ 3, 4 ] ],[ 13, [ 5 ] ],[ 14, [3 ] ],[ 15, [ 4, 5 ] ],[ 16, [ 6 ] ],[ 17, [ 6 ] ],[ 18, [ 6, 14 ] ],[ 19, [ 6, 8 ] ],[ 20, [ 8 ] ],[ 21, [ 15 ] ],[ 22, [ 7 ] ],[ 23, [ 11, 15 ] ],[ 24, [ 15 ] ],[ 25, [15 ] ],[ 26, [ 11 ] ],[ 27, [ 16, 18 ] ],[ 28, [ 9, 16, 19 ] ],[ 29, [ 17, 18 ] ],[ 30, [ 17, 19 ] ],[ 31, [ 18 ] ],[ 32, [ 12, 19, 21 ] ],[ 33, [ 18 ] ],[ 34, [ 7, 9, 10, 13 ] ],[ 35, [ 22 ] ],[ 36, [ 8, 9, 21, 24 ] ],[ 37, [ 8, 21, 25 ] ],[ 38, [ 11, 12, 14 ] ],[ 39, [23, 24 ] ],[ 40, [ 23, 25 ] ], [ 41, [ 14 ] ],[ 42, [ 23, 26 ] ],[ 43, [ 20,21, 23 ] ],[ 44, [ 8, 13, 21, 23 ] ],[ 45, [ 20 ] ],[ 46, [ 18, 19, 20 ] ],[ 47, [ 21, 32 ] ],[ 48, [ 7, 19, 20 ] ],[ 49, [ 32 ] ],[ 50, [ 18, 41 ] ],[ 51, [ 3, 22 ] ],[ 52, [ 39, 42 ] ],[ 53, [ 40, 42 ] ],[ 54, [ 27, 28, 46 ] ],[ 55, [ 28, 32, 36 ] ],[ 56, [ 28, 48 ] ],[ 57, [ 27, 50 ] ],[ 58, [ 29, 30, 46 ] ],[ 59, [ 30, 48 ] ],[ 60, [ 30, 32, 37 ] ], [ 61, [ 29, 50 ] ],[ 62, [ 36, 39, 43 ] ],[ 63, [ 37, 40, 43 ] ],[ 64, [ 36, 39, 44 ] ],[ 65, [ 37, 40, 44 ] ],[ 66, [ 35, 51 ] ],[ 67, [ 32, 38, 43, 46 ] ],[ 68, [ 32, 43, 48 ] ],[ 69, [ 26, 38, 41 ] ], [ 70, [ 31, 33, 57 ] ],[ 71, [ 42, 43 ] ],[ 72, [ 42, 43, 45 ] ],[ 73, [ 67 ] ],[ 74, [ 45, 46 ] ][ 75, [ 67 ] ][ 76, [ 45, 46, 50 ] ],[ 77, [ 52, 62, 71 ] ],[ 78, [ 53, 63, 71 ] ],[ 79, [ 52, 62, 72 ] ],[ 80, [ 53, 63, 72] ], [ 81, [ 47, 54, 55, 62, 67 ] ],[ 82, [ 54, 74 ] ],[ 83, [ 34, 49, 55, 56, 62, 64, 68 ] ],[ 84, [ 54, 57, 76 ] ],[ 85, [ 58, 74 ] ],[ 86, [ 49, 58, 60, 63, 67 ] ],[ 87, [ 22, 47, 59, 60, 63, 68 ] ],[ 88, [ 58, 61, 76 ] ], [ 89, [ 67, 72, 74 ] ],[ 90, [ 67, 69, 72, 76 ] ],[ 91, [ 33, 75, 80, 85, 86, 89 ] ],[ 92, [ 73, 80, 86, 88, 90 ] ], [ 93, [ 51, 53, 78, 87 ] ],[ 94, [ 73, 77, 79, 81, 82, 89 ] ], [ 95, [ 79, 81, 84, 90 ] ] ];

#Order 21: Groups: No. 31, 32.
Fusions21:=[ [ 1, [ ] ], [ 2, [ 1 ] ], [ 3, [ 1 ] ], [ 4, [ 1 ] ], [ 5, [ 2 ] ], [ 6, [ 2, 3 ] ], [ 7, [ 2 ] ], [ 8, [ 3 ] ], [ 9, [ 1 ] ], [ 10, [ 3 ] ], [ 11, [ 5, 7 ] ], [ 12, [ 3 ] ], [ 13, [ 2 ] ], [ 14, [ 6 ] ], [ 15, [ 8, 10 ] ], [ 16, [ 5, 13 ] ], [ 17, [ 5, 6, 10 ] ], [ 18, [ 10, 12 ] ], [ 19, [ 2, 4, 9 ] ], [ 20, [ 6, 7, 8 ] ], [ 21, [ 8, 12 ] ], [ 22, [ 6, 12, 13 ] ], [ 23, [ 7, 13 ] ], [ 24, [ 15, 18, 21 ] ], [ 25, [ 11, 16, 23 ] ], [ 26, [ 11, 14, 15, 17, 20 ] ], [ 27, [ 14, 22 ] ], [ 28, [ 16, 17, 18, 22 ] ], [ 29, [ 4, 9, 17, 18 ] ], [ 30, [ 20, 21, 22, 23 ] ], [ 31, [ 19, 24, 26, 29 ] ], [ 32, [ 24, 25, 26, 27, 28, 30 ] ] ];

#Order 22: Groups: No. 15, 16.
Fusions22:=[ [ 1, [ ] ], [ 2, [ 1 ] ], [ 3, [ 1 ] ], [ 4, [ 2, 3 ] ], [ 5, [ 2 ] ], [ 6, [ 3 ] ], [ 7, [ 3 ] ], [ 8, [ 4, 6, 7 ] ], [ 9, [ 4, 5, 6 ] ], [ 10, [ 2 ] ], [ 11, [ 3 ] ], [ 12, [ 6, 11 ] ], [ 13, [ 4, 10, 11 ] ], [ 14, [ 5, 10 ] ], [ 15, [ 8, 12, 13 ] ], [ 16, [ 9, 12, 13, 14 ] ] ];

#Order 23: Group: No. 22. NonSchurian Schemes: Nos. 2 to 19.
Fusions23:=[ [ 1, [ ] ], [ 2, [ 1 ] ], [ 3, [ 1 ] ], [ 4, [ 1 ] ], [ 5, [ 1 ] ], [ 6, [ 1 ] ], [ 7, [ 1 ] ], [ 8, [ 1 ] ], [ 9, [ 1 ] ], [ 10, [ 1 ] ], [ 11, [ 1 ] ], [ 12, [ 1 ] ], [ 13, [ 1 ] ], [ 14, [ 1 ] ], [ 15, [ 1 ] ], [ 16, [ 1 ] ], [ 17, [ 1 ] ], [ 18, [ 1 ] ], [ 19, [ 1 ] ], [ 20, [ 1 ] ], [ 21, [ 1 ] ], [ 22, [ 20, 21 ] ] ];

#Order 24: Groups: No. 736 to 750
Fusions24:=[ [ 1, [  ] ], [ 2, [ 1 ] ], [ 3, [ 1 ] ], [ 4, [ 1 ] ], [ 5, [ 1 ] ], 
  [ 6, [ 1 ] ], [ 7, [ 1 ] ], [ 8, [ 3 ] ], [ 9, [ 2, 4 ] ], [ 10, [ 2, 5 ] ],
  [ 11, [ 2, 6 ] ], [ 12, [ 2, 7 ] ], [ 13, [ 2, 7 ] ], [ 14, [ 2 ] ], 
  [ 15, [ 3, 5 ] ], [ 16, [ 3, 6 ] ], [ 17, [ 3 ] ], [ 18, [ 3, 7 ] ], 
  [ 19, [ 4, 6 ] ], [ 20, [ 4, 5 ] ], [ 21, [ 4, 7 ] ], [ 22, [ 5, 7 ] ], 
  [ 23, [ 6 ] ], [ 24, [ 9 ] ], [ 25, [ 9 ] ], [ 26, [ 8, 15 ] ], 
  [ 27, [ 8, 18 ] ], [ 28, [ 10, 15 ] ], [ 29, [ 10 ] ], 
  [ 30, [ 9, 11, 19 ] ], [ 31, [ 9, 12, 21 ] ], [ 32, [ 9, 12 ] ], 
  [ 33, [ 9 ] ], [ 34, [ 9 ] ], [ 35, [ 9 ] ], [ 36, [ 11, 19 ] ], 
  [ 37, [ 11 ] ], [ 38, [ 10, 12, 22 ] ], [ 39, [ 10, 11 ] ], 
  [ 40, [ 12, 22 ] ], [ 41, [ 12 ] ], [ 42, [ 11 ] ], [ 43, [ 11 ] ], 
  [ 44, [ 11, 23 ] ], [ 45, [ 11 ] ], [ 46, [ 15, 18, 22 ] ], 
  [ 47, [ 18, 21 ] ], [ 48, [ 15, 18 ] ], [ 49, [ 15 ] ], [ 50, [ 21 ] ], 
  [ 51, [ 19, 21 ] ], [ 52, [ 19, 23 ] ], [ 53, [ 21 ] ], [ 54, [ 21 ] ], 
  [ 55, [ 21 ] ], [ 56, [ 21 ] ], [ 57, [ 21 ] ], [ 58, [ 21 ] ], 
  [ 59, [ 22 ] ], [ 60, [ 22 ] ], [ 61, [ 24, 30 ] ], [ 62, [ 25, 30 ] ], 
  [ 63, [ 24, 31 ] ], [ 64, [ 25, 31 ] ], [ 65, [ 13, 24, 32 ] ], 
  [ 66, [ 24, 33 ] ], [ 67, [ 25, 32 ] ], [ 68, [ 25, 33 ] ], 
  [ 69, [ 26, 27, 46 ] ], [ 70, [ 26, 27, 48 ] ], [ 71, [ 26, 49 ] ], 
  [ 72, [ 8, 17 ] ], [ 73, [ 8, 16, 23 ] ], [ 74, [ 30 ] ], [ 75, [ 30 ] ], 
  [ 76, [ 30 ] ], [ 77, [ 30 ] ], [ 78, [ 28, 38, 46 ] ], 
  [ 79, [ 16, 28, 39 ] ], [ 80, [ 29, 38 ] ], [ 81, [ 13, 28, 48 ] ], 
  [ 82, [ 28, 49 ] ], [ 83, [ 31, 38 ] ], [ 84, [ 31 ] ], [ 85, [ 31, 50 ] ], 
  [ 86, [ 31 ] ], [ 87, [ 30, 31, 51 ] ], [ 88, [ 30 ] ], [ 89, [ 30, 42 ] ], 
  [ 90, [ 30, 42 ] ], [ 91, [ 30, 42 ] ], [ 92, [ 30, 42 ] ], 
  [ 93, [ 30, 42 ] ], [ 94, [ 30, 43 ] ], [ 95, [ 30, 43 ] ], 
  [ 96, [ 30, 43 ] ], [ 97, [ 30, 44, 52 ] ], [ 98, [ 30 ] ], 
  [ 99, [ 30, 45 ] ], [ 100, [ 30, 45 ] ], [ 101, [ 30, 45 ] ], 
  [ 102, [ 30, 45 ] ], [ 103, [ 30, 45 ] ], [ 104, [ 20, 32, 40 ] ], 
  [ 105, [ 32, 41 ] ], [ 106, [ 32, 41 ] ], [ 107, [ 32, 41 ] ], 
  [ 108, [ 32, 41 ] ], [ 109, [ 32 ] ], [ 110, [ 33 ] ], [ 111, [ 32 ] ], 
  [ 112, [ 20, 36, 39 ] ], [ 113, [ 37, 39 ] ], [ 114, [ 37, 39 ] ], 
  [ 115, [ 13, 36, 51 ] ], [ 116, [ 36, 44, 52 ] ], [ 117, [ 37, 44 ] ], 
  [ 118, [ 38, 59 ] ], [ 119, [ 38, 60 ] ], [ 120, [ 13, 40, 59 ] ], 
  [ 121, [ 40, 60 ] ], [ 122, [ 46 ] ], [ 123, [ 46 ] ], 
  [ 124, [ 20, 47, 48 ] ], [ 125, [ 16, 47, 51 ] ], [ 126, [ 46, 59 ] ], 
  [ 127, [ 46 ] ], [ 128, [ 46, 60 ] ], [ 129, [ 46 ] ], [ 130, [ 50 ] ], 
  [ 131, [ 50 ] ], [ 132, [ 50, 53 ] ], [ 133, [ 50 ] ], [ 134, [ 50 ] ], 
  [ 135, [ 50, 56 ] ], [ 136, [ 26, 28 ] ], [ 137, [ 26, 28, 29 ] ], 
  [ 138, [ 36, 61, 74 ] ], [ 139, [ 61, 76 ] ], [ 140, [ 62, 74 ] ], 
  [ 141, [ 62, 76 ] ], [ 142, [ 40, 63, 83 ] ], [ 143, [ 63, 85 ] ], 
  [ 144, [ 64, 83 ] ], [ 145, [ 64, 85 ] ], [ 146, [ 61, 63, 87 ] ], 
  [ 147, [ 61, 88 ] ], [ 148, [ 61, 97 ] ], [ 149, [ 61, 98 ] ], 
  [ 150, [ 62, 64, 87 ] ], [ 151, [ 62, 88 ] ], [ 152, [ 62, 97 ] ], 
  [ 153, [ 62, 98 ] ], [ 154, [ 69, 122 ] ], [ 155, [ 69, 123 ] ], 
  [ 156, [ 27, 47, 50 ] ], [ 157, [ 69, 126 ] ], [ 158, [ 69, 127 ] ], 
  [ 159, [ 69, 128 ] ], [ 160, [ 69, 129 ] ], [ 161, [ 47, 78, 83 ] ], 
  [ 162, [ 32, 74, 87 ] ], [ 163, [ 74, 89 ] ], [ 164, [ 74, 90 ] ], 
  [ 165, [ 42, 74 ] ], [ 166, [ 42, 74 ] ], [ 167, [ 74, 94 ] ], 
  [ 168, [ 74, 94 ] ], [ 169, [ 43, 74 ] ], [ 170, [ 74, 95, 96 ] ], 
  [ 171, [ 74, 96 ] ], [ 172, [ 75, 87 ] ], [ 173, [ 75, 88 ] ], 
  [ 174, [ 74, 97 ] ], [ 175, [ 74, 99, 102, 103 ] ], 
  [ 176, [ 74, 100, 102 ] ], [ 177, [ 74, 103 ] ], [ 178, [ 45, 74 ] ], 
  [ 179, [ 75, 97 ] ], [ 180, [ 75, 98 ] ], [ 181, [ 76, 87 ] ], 
  [ 182, [ 76, 89 ] ], [ 183, [ 76, 89 ] ], [ 184, [ 76, 90 ] ], 
  [ 185, [ 42, 76 ] ], [ 186, [ 42, 76 ] ], [ 187, [ 76, 92 ] ], 
  [ 188, [ 76, 93 ] ], [ 189, [ 76, 94 ] ], [ 190, [ 76, 95 ] ], 
  [ 191, [ 76, 96 ] ], [ 192, [ 77, 87 ] ], [ 193, [ 77, 88 ] ], 
  [ 194, [ 76, 97 ] ], [ 195, [ 76, 99 ] ], [ 196, [ 76, 99 ] ], 
  [ 197, [ 76, 100 ] ], [ 198, [ 45, 76 ] ], [ 199, [ 45, 76 ] ], 
  [ 200, [ 76, 102 ] ], [ 201, [ 76, 103 ] ], [ 202, [ 77, 97 ] ], 
  [ 203, [ 77, 98 ] ], [ 204, [ 40, 78, 122 ] ], [ 205, [ 78, 123 ] ], 
  [ 206, [ 78, 118, 126 ] ], [ 207, [ 78, 127 ] ], [ 208, [ 43, 79 ] ], 
  [ 209, [ 78, 119, 128 ] ], [ 210, [ 78, 129 ] ], [ 211, [ 80, 118 ] ], 
  [ 212, [ 80, 119 ] ], [ 213, [ 29, 39, 44 ] ], [ 214, [ 39, 83, 87 ] ], 
  [ 215, [ 84, 87 ] ], [ 216, [ 87 ] ], [ 217, [ 86, 87 ] ], [ 218, [ 87 ] ], 
  [ 219, [ 32, 83, 118 ] ], [ 220, [ 83, 119 ] ], [ 221, [ 43, 44 ] ], 
  [ 222, [ 48, 122, 126 ] ], [ 223, [ 53, 124 ] ], [ 224, [ 122, 128 ] ], 
  [ 225, [ 123, 126 ] ], [ 226, [ 123, 128 ] ], [ 227, [ 50, 51 ] ], 
  [ 228, [ 50, 51, 52 ] ], [ 229, [ 69, 78, 136 ] ], 
  [ 230, [ 69, 78, 80, 137 ] ], [ 231, [ 70, 81, 136 ] ], 
  [ 232, [ 71, 82, 136 ] ], [ 233, [ 70, 81, 137 ] ], 
  [ 234, [ 71, 82, 137 ] ], [ 235, [ 138, 146, 162 ] ], 
  [ 236, [ 65, 115, 138, 162 ] ], [ 237, [ 138, 147 ] ], 
  [ 238, [ 116, 138, 148, 174 ] ], [ 239, [ 138, 149 ] ], 
  [ 240, [ 139, 146, 181 ] ], [ 241, [ 139, 147 ] ], 
  [ 242, [ 139, 148, 194 ] ], [ 243, [ 139, 149 ] ], 
  [ 244, [ 140, 150, 162 ] ], [ 245, [ 67, 140, 162 ] ], 
  [ 246, [ 140, 152, 174 ] ], [ 247, [ 141, 150, 181 ] ], 
  [ 248, [ 141, 152, 194 ] ], [ 249, [ 142, 146, 214 ] ], 
  [ 250, [ 144, 150, 214 ] ], [ 251, [ 65, 120, 142, 219 ] ], 
  [ 252, [ 121, 142, 220 ] ], [ 253, [ 67, 144, 219 ] ], 
  [ 254, [ 144, 220 ] ], [ 255, [ 65, 104, 120 ] ], 
  [ 256, [ 65, 66, 105, 109 ] ], [ 257, [ 65, 108, 111 ] ], 
  [ 258, [ 34, 67, 108, 109 ] ], [ 259, [ 67, 104, 121 ] ], 
  [ 260, [ 67, 105, 111 ] ], [ 261, [ 14, 35, 68, 110 ] ], 
  [ 262, [ 70, 124, 156 ] ], [ 263, [ 70, 154, 157, 222 ] ], 
  [ 264, [ 154, 159, 224 ] ], [ 265, [ 155, 157, 225 ] ], 
  [ 266, [ 155, 159, 226 ] ], [ 267, [ 161 ] ], [ 268, [ 80, 83 ] ], 
  [ 269, [ 161 ] ], [ 270, [ 47, 84 ] ], [ 271, [ 80, 83, 85 ] ], 
  [ 272, [ 162, 215 ] ], [ 273, [ 53, 162, 216 ] ], [ 274, [ 172, 214 ] ], 
  [ 275, [ 79, 125, 161, 214 ] ], [ 276, [ 162, 217 ] ], 
  [ 277, [ 162, 218 ] ], [ 278, [ 181, 215 ] ], [ 279, [ 181, 216 ] ], 
  [ 280, [ 192, 214 ] ], [ 281, [ 181, 217 ] ], [ 282, [ 56, 181, 218 ] ], 
  [ 283, [ 161, 206, 219 ] ], [ 284, [ 161, 207 ] ], 
  [ 285, [ 161, 209, 220 ] ], [ 286, [ 161, 210 ] ], 
  [ 287, [ 204, 206, 222 ] ], [ 288, [ 81, 120, 204, 222 ] ], 
  [ 289, [ 79, 81, 112, 115, 124, 125 ] ], [ 290, [ 204, 209, 224 ] ], 
  [ 291, [ 121, 204, 224 ] ], [ 292, [ 205, 206, 225 ] ], 
  [ 293, [ 205, 209, 226 ] ], [ 294, [ 79, 82, 113 ] ], 
  [ 295, [ 112, 116, 213 ] ], [ 296, [ 113, 117, 213 ] ], 
  [ 297, [ 114, 117, 213 ] ], [ 298, [ 214 ] ], [ 299, [ 214, 216 ] ], 
  [ 300, [ 88, 96 ] ], [ 301, [ 85, 87, 227 ] ], [ 302, [ 214 ] ], 
  [ 303, [ 39, 88 ] ], [ 304, [ 214, 218 ] ], [ 305, [ 85, 87, 97, 228 ] ], 
  [ 306, [ 94, 97, 221 ] ], [ 307, [ 97, 221 ] ], [ 308, [ 96, 97, 221 ] ], 
  [ 309, [ 115, 227 ] ], [ 310, [ 115, 116, 228 ] ], [ 311, [ 138 ] ], 
  [ 312, [ 75, 138, 140 ] ], [ 313, [ 138, 139, 140 ] ], 
  [ 314, [ 37, 77, 140 ] ], [ 315, [ 75, 77, 141 ] ], 
  [ 316, [ 154, 204, 229 ] ], [ 317, [ 155, 205, 229 ] ], 
  [ 318, [ 154, 204, 230 ] ], [ 319, [ 155, 205, 230 ] ], 
  [ 320, [ 157, 206, 229 ] ], [ 321, [ 158, 207, 229 ] ], 
  [ 322, [ 159, 209, 229 ] ], [ 323, [ 160, 210, 229 ] ], 
  [ 324, [ 157, 206, 211, 230 ] ], [ 325, [ 158, 207, 230 ] ], 
  [ 326, [ 159, 209, 212, 230 ] ], [ 327, [ 73, 79, 137, 213 ] ], 
  [ 328, [ 160, 210, 230 ] ], [ 329, [ 142, 161, 204 ] ], 
  [ 330, [ 142, 268 ] ], [ 331, [ 142, 143, 271 ] ], 
  [ 332, [ 41, 84, 86, 143 ] ], [ 333, [ 144, 268 ] ], 
  [ 334, [ 144, 161, 205 ] ], [ 335, [ 144, 145, 271 ] ], 
  [ 336, [ 104, 112, 235, 249 ] ], [ 337, [ 240, 249 ] ], 
  [ 338, [ 249, 298 ] ], [ 339, [ 143, 146, 301 ] ], [ 340, [ 249, 302 ] ], 
  [ 341, [ 147, 303 ] ], [ 342, [ 143, 146, 148, 305 ] ], 
  [ 343, [ 89, 99, 148 ] ], [ 344, [ 250, 298 ] ], [ 345, [ 145, 150, 301 ] ],
  [ 346, [ 250, 302 ] ], [ 347, [ 151, 303 ] ], 
  [ 348, [ 145, 150, 152, 305 ] ], [ 349, [ 96, 153 ] ], 
  [ 350, [ 125, 156, 227 ] ], [ 351, [ 73, 125, 156, 228 ] ], 
  [ 352, [ 267, 275 ] ], [ 353, [ 269, 275 ] ], [ 354, [ 125, 215, 270 ] ], 
  [ 355, [ 267, 283 ] ], [ 356, [ 267, 284 ] ], [ 357, [ 267, 285 ] ], 
  [ 358, [ 267, 286 ] ], [ 359, [ 211, 219, 268 ] ], [ 360, [ 269, 283 ] ], 
  [ 361, [ 269, 284 ] ], [ 362, [ 212, 220, 268 ] ], [ 363, [ 269, 285 ] ], 
  [ 364, [ 269, 286 ] ], [ 365, [ 211, 219, 271 ] ], 
  [ 366, [ 212, 220, 271 ] ], [ 367, [ 104, 124, 283, 287 ] ], 
  [ 368, [ 283, 292 ] ], [ 369, [ 162, 214, 219 ] ], [ 370, [ 274, 298 ] ], 
  [ 371, [ 275, 298 ] ], [ 372, [ 275 ] ], [ 373, [ 162, 301 ] ], 
  [ 374, [ 172, 301 ] ], [ 375, [ 274, 302 ] ], [ 376, [ 173, 303 ] ], 
  [ 377, [ 275, 302 ] ], [ 378, [ 79, 303 ] ], [ 379, [ 275 ] ], 
  [ 380, [ 162, 174, 305 ] ], [ 381, [ 33, 88, 98, 174 ] ], 
  [ 382, [ 167, 174, 306 ] ], [ 383, [ 95, 174, 306 ] ], 
  [ 384, [ 169, 174, 221 ] ], [ 385, [ 96, 174, 307 ] ], 
  [ 386, [ 171, 174, 308 ] ], [ 387, [ 172, 179, 305 ] ], 
  [ 388, [ 280, 298 ] ], [ 389, [ 181, 301 ] ], [ 390, [ 181, 214, 220 ] ], 
  [ 391, [ 192, 301 ] ], [ 392, [ 280, 302 ] ], [ 393, [ 193, 303 ] ], 
  [ 394, [ 181, 194, 305 ] ], [ 395, [ 194, 306 ] ], [ 396, [ 194, 307 ] ], 
  [ 397, [ 191, 194, 308 ] ], [ 398, [ 192, 202, 305 ] ], [ 399, [ 222 ] ], 
  [ 400, [ 127, 222, 225 ] ], [ 401, [ 222, 224, 225 ] ], 
  [ 402, [ 49, 129, 225 ] ], [ 403, [ 127, 129, 226 ] ], 
  [ 404, [ 235, 236, 311 ] ], [ 405, [ 238, 311 ] ], 
  [ 406, [ 235, 236, 245, 312 ] ], [ 407, [ 172, 236, 244, 312 ] ], 
  [ 408, [ 179, 238, 246, 312 ] ], [ 409, [ 235, 240, 245, 313 ] ], 
  [ 410, [ 236, 244, 245, 313 ] ], [ 411, [ 238, 242, 246, 313 ] ], 
  [ 412, [ 192, 244, 245, 314 ] ], [ 413, [ 172, 192, 247, 315 ] ], 
  [ 414, [ 117, 202, 246, 314 ] ], [ 415, [ 179, 202, 248, 315 ] ], 
  [ 416, [ 161, 230, 268 ] ], [ 417, [ 156, 161, 230, 271 ] ], 
  [ 418, [ 263, 287, 316, 320 ] ], [ 419, [ 231, 263, 288, 316 ] ], 
  [ 420, [ 264, 290, 316, 322 ] ], [ 421, [ 264, 291, 316 ] ], 
  [ 422, [ 265, 292, 317, 320 ] ], [ 423, [ 266, 293, 317, 322 ] ], 
  [ 424, [ 263, 287, 318, 324 ] ], [ 425, [ 233, 263, 288, 318 ] ], 
  [ 426, [ 264, 290, 318, 326 ] ], [ 427, [ 264, 291, 318 ] ], 
  [ 428, [ 265, 292, 319, 324 ] ], [ 429, [ 266, 293, 319, 326 ] ], 
  [ 430, [ 249, 275, 329 ] ], [ 431, [ 250, 275, 334 ] ], 
  [ 432, [ 251, 283, 287, 288, 329 ] ], [ 433, [ 252, 285, 290, 291, 329 ] ], 
  [ 434, [ 251, 330, 359 ] ], [ 435, [ 252, 330, 362 ] ], 
  [ 436, [ 251, 331, 365 ] ], [ 437, [ 252, 331, 366 ] ], 
  [ 438, [ 253, 333, 359 ] ], [ 439, [ 253, 283, 292, 334 ] ], 
  [ 440, [ 254, 333, 362 ] ], [ 441, [ 254, 285, 293, 334 ] ], 
  [ 442, [ 253, 335, 365 ] ], [ 443, [ 254, 335, 366 ] ], 
  [ 444, [ 235, 236, 249, 251, 369 ] ], [ 445, [ 336, 338 ] ], 
  [ 446, [ 236, 237, 272, 273 ] ], [ 447, [ 235, 339, 373 ] ], 
  [ 448, [ 236, 309, 373 ] ], [ 449, [ 336, 340 ] ], 
  [ 450, [ 236, 272, 277 ] ], [ 451, [ 109, 236, 273, 276 ] ], 
  [ 452, [ 112, 237, 341 ] ], [ 453, [ 235, 238, 342, 380 ] ], 
  [ 454, [ 238, 381 ] ], [ 455, [ 236, 238, 310, 380 ] ], 
  [ 456, [ 66, 147, 149, 238, 381 ] ], [ 457, [ 236, 239, 276, 277 ] ], 
  [ 458, [ 102, 103, 163, 238, 343 ] ], [ 459, [ 337, 338 ] ], 
  [ 460, [ 240, 339, 389 ] ], [ 461, [ 240, 249, 252, 390 ] ], 
  [ 462, [ 337, 340 ] ], [ 463, [ 241, 341 ] ], 
  [ 464, [ 240, 242, 342, 394 ] ], [ 465, [ 182, 195, 242, 343 ] ], 
  [ 466, [ 196, 242, 343 ] ], [ 467, [ 244, 245, 250, 253, 369 ] ], 
  [ 468, [ 92, 93, 163, 245, 272, 273 ] ], [ 469, [ 244, 345, 373 ] ], 
  [ 470, [ 245, 373 ] ], [ 471, [ 245, 272, 277 ] ], 
  [ 472, [ 245, 273, 276 ] ], [ 473, [ 244, 246, 348, 380 ] ], 
  [ 474, [ 246, 381 ] ], [ 475, [ 245, 246, 380 ] ], 
  [ 476, [ 68, 151, 153, 246, 381 ] ], [ 477, [ 111, 175, 245, 276, 277 ] ], 
  [ 478, [ 247, 345, 389 ] ], [ 479, [ 247, 250, 254, 390 ] ], 
  [ 480, [ 247, 248, 348, 394 ] ], [ 481, [ 263, 399 ] ], 
  [ 482, [ 158, 263, 265, 400 ] ], [ 483, [ 132, 223, 262 ] ], 
  [ 484, [ 263, 264, 265, 401 ] ], [ 485, [ 132, 223, 262 ] ], 
  [ 486, [ 71, 160, 265, 402 ] ], [ 487, [ 158, 160, 266, 403 ] ], 
  [ 488, [ 355, 367 ] ], [ 489, [ 355, 368 ] ], [ 490, [ 360, 367 ] ], 
  [ 491, [ 360, 368 ] ], [ 492, [ 275, 283, 369 ] ], [ 493, [ 352, 371 ] ], 
  [ 494, [ 274, 275, 284 ] ], [ 495, [ 373, 374 ] ], [ 496, [ 352, 377 ] ], 
  [ 497, [ 353, 371 ] ], [ 498, [ 373, 391 ] ], [ 499, [ 374, 389 ] ], 
  [ 500, [ 275, 285, 390 ] ], [ 501, [ 353, 377 ] ], 
  [ 502, [ 275, 280, 286 ] ], [ 503, [ 214, 271, 301 ] ], 
  [ 504, [ 213, 214, 271, 305 ] ], [ 505, [ 389, 391 ] ], 
  [ 506, [ 287, 288, 399 ] ], [ 507, [ 207, 287, 292, 400 ] ], 
  [ 508, [ 288, 400 ] ], [ 509, [ 287, 291, 292, 401 ] ], 
  [ 510, [ 288, 290, 291, 401 ] ], [ 511, [ 82, 210, 292, 402 ] ], 
  [ 512, [ 207, 210, 293, 403 ] ], [ 513, [ 283, 324, 359, 416 ] ], 
  [ 514, [ 284, 325, 416 ] ], [ 515, [ 285, 326, 362, 416 ] ], 
  [ 516, [ 286, 328, 416 ] ], [ 517, [ 283, 324, 365, 417 ] ], 
  [ 518, [ 284, 325, 417 ] ], [ 519, [ 285, 326, 366, 417 ] ], 
  [ 520, [ 286, 328, 417 ] ], [ 521, [ 338, 371, 430 ] ], 
  [ 522, [ 216, 447 ] ], [ 523, [ 340, 377, 430 ] ], [ 524, [ 447, 460 ] ], 
  [ 525, [ 249, 331, 339, 503 ] ], [ 526, [ 215, 217, 332, 339 ] ], 
  [ 527, [ 249, 331, 342, 504 ] ], [ 528, [ 218, 460 ] ], 
  [ 529, [ 215, 217, 332, 342 ] ], [ 530, [ 216, 218, 342 ] ], 
  [ 531, [ 344, 371, 431 ] ], [ 532, [ 346, 377, 431 ] ], 
  [ 533, [ 250, 335, 345, 503 ] ], [ 534, [ 250, 335, 348, 504 ] ], 
  [ 535, [ 352, 355, 492 ] ], [ 536, [ 353, 360, 492 ] ], 
  [ 537, [ 352, 357, 500 ] ], [ 538, [ 274, 374, 503 ] ], 
  [ 539, [ 274, 387, 504 ] ], [ 540, [ 353, 363, 500 ] ], 
  [ 541, [ 280, 391, 503 ] ], [ 542, [ 280, 398, 504 ] ], 
  [ 543, [ 255, 336, 404, 444 ] ], [ 544, [ 404, 447, 448 ] ], 
  [ 545, [ 404, 405, 453, 455 ] ], [ 546, [ 237, 239, 405, 454, 456 ] ], 
  [ 547, [ 274, 406, 407, 444, 467 ] ], [ 548, [ 406, 447, 448, 470 ] ], 
  [ 549, [ 374, 407, 448, 469 ] ], [ 550, [ 406, 408, 453, 455, 475 ] ], 
  [ 551, [ 173, 180, 408, 454, 476 ] ], [ 552, [ 408, 454, 456, 474 ] ], 
  [ 553, [ 387, 407, 408, 455, 473 ] ], [ 554, [ 337, 409, 410, 444, 467 ] ], 
  [ 555, [ 409, 447, 460, 470 ] ], [ 556, [ 410, 448, 469, 470 ] ], 
  [ 557, [ 259, 336, 337, 409, 461 ] ], [ 558, [ 409, 411, 453, 464, 475 ] ], 
  [ 559, [ 411, 454, 474, 476 ] ], [ 560, [ 410, 411, 455, 473, 475 ] ], 
  [ 561, [ 241, 243, 411, 456, 474 ] ], [ 562, [ 113, 280, 412, 467 ] ], 
  [ 563, [ 391, 412, 469, 470 ] ], [ 564, [ 374, 391, 413, 478 ] ], 
  [ 565, [ 274, 280, 413, 479 ] ], [ 566, [ 398, 412, 414, 473, 475 ] ], 
  [ 567, [ 193, 203, 414, 474, 476 ] ], [ 568, [ 387, 398, 413, 415, 480 ] ], 
  [ 569, [ 367, 424, 513 ] ], [ 570, [ 368, 428, 513 ] ], 
  [ 571, [ 262, 367, 424, 517 ] ], [ 572, [ 368, 428, 517 ] ], 
  [ 573, [ 275, 350, 417, 503 ] ], [ 574, [ 275, 327, 351, 417, 504 ] ], 
  [ 575, [ 418, 419, 481, 506 ] ], [ 576, [ 321, 418, 422, 482, 507 ] ], 
  [ 577, [ 419, 482, 508 ] ], [ 578, [ 231, 262, 289, 309, 350 ] ], 
  [ 579, [ 418, 421, 422, 484, 509 ] ], [ 580, [ 419, 420, 421, 484, 510 ] ], 
  [ 581, [ 232, 323, 422, 486, 511 ] ], [ 582, [ 321, 323, 423, 487, 512 ] ], 
  [ 583, [ 424, 425, 481, 506 ] ], [ 584, [ 325, 424, 428, 482, 507 ] ], 
  [ 585, [ 425, 482, 508 ] ], [ 586, [ 424, 427, 428, 484, 509 ] ], 
  [ 587, [ 425, 426, 427, 484, 510 ] ], 
  [ 588, [ 233, 262, 289, 295, 310, 327, 351 ] ], 
  [ 589, [ 234, 328, 428, 486, 511 ] ], [ 590, [ 325, 328, 429, 487, 512 ] ], 
  [ 591, [ 208, 221, 234, 294, 296, 327 ] ], 
  [ 592, [ 289, 336, 367, 430, 432, 444, 492 ] ], [ 593, [ 132, 273, 522 ] ], 
  [ 594, [ 279, 522, 524 ] ], [ 595, [ 337, 430, 433, 461, 500 ] ], 
  [ 596, [ 336, 447, 525 ] ], [ 597, [ 107, 108, 272, 276, 447, 526 ] ], 
  [ 598, [ 277, 524, 528 ] ], [ 599, [ 295, 336, 453, 527 ] ], 
  [ 600, [ 105, 106, 272, 276, 453, 529 ] ], 
  [ 601, [ 132, 273, 277, 453, 530 ] ], [ 602, [ 337, 460, 525 ] ], 
  [ 603, [ 281, 460, 526 ] ], [ 604, [ 337, 464, 527 ] ], 
  [ 605, [ 135, 282, 528 ] ], [ 606, [ 464, 529 ] ], 
  [ 607, [ 135, 279, 282, 464, 530 ] ], [ 608, [ 368, 431, 439, 467, 492 ] ], 
  [ 609, [ 431, 441, 479, 500 ] ], [ 610, [ 255, 367, 432, 506 ] ], 
  [ 611, [ 367, 368, 432, 507, 508 ] ], [ 612, [ 368, 432, 433, 509, 510 ] ], 
  [ 613, [ 284, 367, 439, 507 ] ], [ 614, [ 259, 367, 368, 439, 509 ] ], 
  [ 615, [ 286, 368, 439, 511 ] ], [ 616, [ 284, 286, 441, 512 ] ], 
  [ 617, [ 267, 316, 318, 329, 330, 416 ] ], 
  [ 618, [ 269, 318, 329, 331, 417 ] ], [ 619, [ 156, 270, 332 ] ], 
  [ 620, [ 86, 269, 319, 333, 334, 416 ] ], 
  [ 621, [ 267, 319, 334, 335, 417 ] ], [ 622, [ 522, 596 ] ], 
  [ 623, [ 524, 596, 602 ] ], [ 624, [ 528, 602 ] ], [ 625, [ 527, 530 ] ], 
  [ 626, [ 356, 370, 372, 493, 494 ] ], 
  [ 627, [ 298, 359, 365, 369, 373, 503 ] ], 
  [ 628, [ 356, 375, 379, 494, 496 ] ], [ 629, [ 358, 379, 388, 493, 502 ] ], 
  [ 630, [ 96, 208, 358, 372, 392, 496, 502 ] ], 
  [ 631, [ 94, 208, 300, 378, 393 ] ], [ 632, [ 302, 365, 369, 380, 504 ] ], 
  [ 633, [ 213, 303, 381 ] ], [ 634, [ 98, 302, 366, 389, 390, 503 ] ], 
  [ 635, [ 298, 366, 390, 394, 504 ] ],

# Rank 13 and higher: cases verified and completed February 2021 during Isolating Fusions Project
# - Allen Herman and Roghayeh Maleki

[ 636, [ 355, 419, 424, 432, 434, 513, 617 ] ], 
[ 637, [ 418, 419, 425, 432, 617 ]], #not 355
[ 638, [ 357, 421, 426, 433, 435, 515, 617 ]], #not 418,419,425,432; add 357,421,426,433,435,515
[ 639, [ 420, 421, 427, 433, 617 ]], 
[ 640, [ 360, 424, 425, 432, 436, 517, 618 ]], 
[ 641, [ 363, 426, 427, 433, 437, 519, 618 ]], 
[ 642, [ 360, 428, 438, 439, 513, 620 ]],
[ 643, [ 355, 428, 439, 442, 517, 621 ]], #add 355
[ 644, [ 363, 429, 440, 441, 515, 620 ]], 
[ 645, [ 357, 429, 441, 443, 519, 621 ]], 
[ 646, [ 445, 488, 521, 535, 592 ]], 
[ 647, [ 223, 273, 299, 488, 490, 535, 536, 592 ]], #add 223,273,299
[ 648, [ 338, 436, 444, 447, 525, 627 ]], 
[ 649, [ 434, 444, 448, 627 ]], 
[ 650, [ 449, 490, 523, 536, 592 ]], 
[ 651, [ 223, 289, 354, 378, 446, 452 ]], #add 223, 289
[ 652, [ 459, 462, 521, 523, 595 ]], 
[ 653, [ 340, 436, 444, 453, 455, 527, 632 ]], 
[ 654, [ 341, 454, 456, 633 ]], 
[ 655, [ 340, 437, 460, 461, 525, 634 ]], 
[ 656, [ 338, 437, 461, 464, 527, 635 ]], 
[ 657, [ 372, 489, 492, 535, 608 ]], 
[ 658, [ 344, 442, 467, 469, 533, 627 ]], #add 469
[ 659, [ 438, 467, 469, 470, 627 ]], #not 365, add 469
[ 660, [ 489, 491, 535, 536, 608 ]],
[ 661, [ 304, 379, 491, 536, 608 ]], #add 304
[ 662, [ 346, 442, 467, 473, 475, 534, 632 ]], 
[ 663, [ 347, 474, 476, 633 ]], 
[ 664, [ 300, 349, 386, 476 ]], 
[ 665, [ 372, 379, 609 ]], 
[ 666, [ 153, 346, 443, 478, 479, 533, 634 ]], #add 153
[ 667, [ 344, 443, 479, 480, 534, 635 ]], 

[ 668, [ 353, 430, 525, 573, 618 ]], 
[ 669, [ 350, 354, 526, 619 ]], 
[ 670, [ 430, 527, 574, 618 ]], 
[ 671, [ 351, 354, 529, 619 ]], 
[ 672, [ 352, 431, 533, 573, 621 ]], 
[ 673, [ 352, 431, 534, 574, 621 ]],
[ 674, [ 371, 492, 513, 517, 573, 627 ]], 
[ 675, [ 372, 497, 518, 538, 573 ]],
[ 676, [ 492, 517, 574, 632 ]],
[ 677, [ 327, 378, 381, 633 ]], #add 327
[ 678, [ 494, 518, 539, 574 ]], 
[ 679, [ 500, 519, 573, 634 ]], 
[ 680, [ 500, 519, 574, 635 ]],
[ 681, [ 502, 520, 541, 573 ]], 
[ 682, [ 372, 502, 520, 542, 574 ]], 

[ 683, [ 488, 569, 575, 583, 610, 636, 637 ]], 
[ 684, [ 488, 489, 569, 570, 577, 584, 611, 636 ]], 
[ 685, [ 576, 577, 585, 611, 637 ]], 
[ 686, [ 489, 570, 580, 586, 612, 636, 639 ]], 
[ 687, [ 435, 515, 579, 580, 587, 612, 637, 638, 639 ]], 
[ 688, [ 490, 571, 583, 610, 640 ]],
[ 689, [ 490, 491, 571, 572, 584, 585, 611, 640 ]], 
[ 690, [ 491, 572, 586, 587, 612, 640, 641 ]], 
[ 691, [ 361, 490, 514, 569, 584, 613, 642 ]], #add 361
[ 692, [ 356, 488, 518, 571, 584, 613, 643 ]], #add 356
[ 693, [ 490, 491, 569, 570, 586, 614, 642 ]], 
[ 694, [ 488, 489, 571, 572, 586, 614, 643 ]], 
[ 695, [ 491, 516, 570, 589, 615, 642 ]], 
[ 696, [ 514, 516, 590, 616, 644 ]], 
[ 697, [ 489, 520, 572, 589, 615, 643 ]], 
[ 698, [ 356, 358, 518, 520, 590, 645 ]],
[ 699, [ 404, 592, 610 ]], 
[ 700, [ 522, 543, 544, 596, 648, 649 ]], 
[ 701, [ 449, 543, 545, 599, 653 ]], 
[ 702, [ 295, 452, 546, 654 ]], #add 295
[ 703, [ 256, 446, 450, 451, 457, 545, 546, 600, 601 ]], #add 256
[ 704, [ 109, 494, 547, 592, 608, 611, 613 ]], #add 109
[ 705, [ 547, 548, 648, 649, 659 ]], 
[ 706, [ 370, 495, 538, 547, 549, 649, 658 ]], #add 370
[ 707, [ 258, 446, 451, 468, 472, 548, 593, 597 ]], #add 258
[ 708, [ 539, 547, 550, 553, 653, 662 ]], 
[ 709, [ 551, 552, 654, 663 ]], 
[ 710, [ 257, 450, 457, 471, 477, 548, 597, 598 ]], #add 257
[ 711, [ 459, 524, 554, 555, 602, 648, 659 ]],
[ 712, [ 554, 556, 649, 658, 659 ]], 
[ 713, [ 554, 557, 592, 595, 608, 612, 614 ]], 
[ 714, [ 462, 554, 558, 560, 604, 653, 662 ]], 
[ 715, [ 463, 559, 561, 654, 663 ]], 
[ 716, [ 449, 462, 524, 528, 555, 557, 596, 602, 655 ]], 
[ 717, [ 459, 557, 558, 599, 604, 656 ]], 
[ 718, [ 260, 458, 468, 471, 472, 477, 558, 600, 601 ]], #add 260
[ 719, [ 498, 541, 562, 563, 658, 659 ]], 
[ 720, [ 111, 294, 502, 562, 608, 615 ]], #add 111, 294
[ 721, [ 494, 502, 565, 609, 616 ]], 
[ 722, [ 296, 542, 562, 566, 662 ]], #add 296
[ 723, [ 567, 663 ]], 
[ 724, [ 375, 392, 499, 505, 538, 541, 564, 565, 666 ]], #add 375, 392
[ 725, [ 370, 388, 539, 542, 565, 568, 667 ]], #add 370, 388

[ 726, [ 535, 569, 571, 578, 592, 636, 649, 674 ]],
[ 727, [ 521, 536, 569, 592, 596, 640, 648, 668, 674 ]],
[ 728, [ 523, 536, 588, 592, 599, 640, 653, 670, 676 ]], #not 571, 596, 648, 668, 674; #add 599, 653, 670, 676
[ 729, [ 523, 540, 595, 602, 641, 655, 668, 679 ]], 
[ 730, [ 497, 521, 540, 595, 604, 641, 656, 670, 680 ]], 
[ 731, [ 531, 535, 570, 608, 643, 658, 672, 674 ]], 
[ 732, [ 276, 536, 570, 572, 608, 642, 659, 674 ]], #add 276
[ 733, [ 496, 532, 535, 572, 608, 643, 662, 673, 676 ]], 
[ 734, [ 496, 532, 537, 609, 645, 666, 672, 679 ]],
[ 735, [ 493, 531, 537, 609, 645, 667, 673, 680 ]], 

[ 736, [ 628, 630, 665, 675, 681, 698, 721, 724, 734 ]], 
[ 737, [ 626, 629, 665, 678, 682, 698, 721, 725, 735 ]], 
[ 738, [ 382, 591, 631, 664, 677, 723 ]], #add 382
[ 739, [ 629, 660, 661, 681, 695, 697, 719, 720, 731, 732 ]], 
[ 740, [ 472, 647, 657, 660, 686, 693, 694, 712, 713, 726, 731, 732 ]], #add 472
[ 741, [ 646, 657, 675, 684, 692, 704, 706, 726, 731 ]], #add 646
[ 742, [ 650, 652, 661, 690, 693, 711, 713, 716, 727, 729, 732 ]], 
[ 743, [ 647, 650, 660, 684, 689, 691, 704, 705, 726, 727, 732 ]], 
[ 744, [ 646, 652, 660, 690, 694, 713, 714, 717, 728, 730, 733 ]], 
[ 745, [ 625, 628, 647, 661, 678, 689, 692, 704, 708, 728, 733 ]], 
[ 746, [ 630, 657, 682, 697, 720, 722, 733 ]],
[ 747, [ 485, 578, 651, 669, 707 ]], 
[ 748, [ 588, 651, 654, 671, 677, 702, 703 ]], 
[ 749, [ 593, 622, 646, 647, 683, 688, 699, 700, 726, 727 ]], 
[ 750, [ 650, 688, 699, 701, 728 ]] 
];

#Order 25: Groups: No. 44,45.
Fusions25:= [[1,[]],[2,[1]],[3,[1]],[4,[1]],[5,[1]],[6,[1]],[7,[1]],[8,[1]],[9,[1]],[10,[1]],[11,[1]], [12,[2]],[13,[2,3]],[14,[2,3]],[15,[2,3,11]],[16,[2]],[17,[3]],[18,[3]],[19,[12,16]],[20,[13,14]],[21,[11,13]],[22,[13,15,17]],[23,[11,13,18]],[24,[11]],[25,[12]],[26,[12,13,16]],[27,[18]],[28,[17]],[29,[16]],[30,[19,25]],[31,[19,29]],[32,[24]],[33,[22,28]],[34,[21,23,27]],[35,[2]],[36,[26]],[37,[30,31]],[38,[19,22,24]],[39,[32]],[40,[25,26,29]],[41,[26,33,34,38]],[42,[19,35]],[43,[28,30,31,32,36,38,40]],[44,[37,42]],[45,[37,39,41,43]]];

#Order 26: Groups: No. 33,34.
Fusions26:= [[1,[]],[2,[1]],[3,[1]],[4,[1]],[5,[1]],[6,[1]],[7,[1]],[8,[1]],[9,[1]],[10,[1]],[11,[1]],[12,[1]],[13,[1]],[14,[2]],[15,[2,13]],[16,[13]],[17,[13]],[18,[2]],[19,[13]],[20,[14,15,17]],[21,[15,17]],[22,[14]],[23,[17]],[24,[14,18]],[25,[15,18,19]],[26,[17,19]],[27,[16,20,23]],[28,[20,22,23]],[29,[23,26]],[30,[20,24,25,26]],[31,[21,25,26]],[32,[22,24]],[33,[27,29,30]],[34,[28,29,30,32]]];

#Order 27: Groups: No. 498 to 502.
Fusions27:= [ [ 1, [ ] ], [ 2, [ 1 ] ], [ 3, [ 1 ] ],
#[ 4 to 377, [ 1 ] ],
[ 378, [ 1 ] ], [ 379, [ 2 ] ], [ 380, [ 2, 3 ] ],
[ 381, [ 2, 3 ] ],[ 382, [ 2, 4 ] ], [ 383, [ 2, 4 ] ],
[ 384, [ 2 ] ], [ 385, [ 3 ] ], [ 386, [ 1 ] ], [ 387, [ 3 ] ],
[ 388, [ 379, 380 ] ], [ 389, [ 379, 384 ] ],
[ 390, [ 380, 385 ] ], [ 391, [ 380 ] ], [ 392, [ 380, 384 ] ],
[ 393, [ 380, 387 ] ], [ 394, [ 381 ] ], [ 395, [ 383 ] ],
[ 396, [ 4, 385 ] ], [ 397, [ 386 ] ], [ 398, [ 385, 387 ] ],
[ 399, [ 388, 391 ] ], [ 400, [ 388, 389, 392 ] ],
[ 401, [ 388, 393 ] ], [ 402, [ 379, 381, 387 ] ],
[ 403, [ 379, 383 ] ], [ 404, [ 390 ] ], [ 405, [ 380 ] ],
[ 406, [ 381, 390, 392 ] ], [ 407, [ 382, 383, 390, 396 ] ],
[ 408, [ 390, 393, 398 ] ], [ 409, [ 391, 393 ] ],
[ 410, [ 381, 384, 385, 386 ] ], [ 411, [ 383, 384 ] ],
[ 412, [ 392 ] ], [ 413, [ 380 ] ], [ 414, [ 380 ] ],
[ 415, [ 380 ] ], [ 416, [ 380, 386 ] ],
[ 417, [ 388, 390, 391 ] ], [ 418, [ 399, 401, 409 ] ],
[ 419, [ 400, 412 ] ], [ 420, [ 388, 413 ] ],
[ 421, [ 404, 406 ] ], [ 422, [ 392, 405 ] ],
[ 423, [ 404, 408 ] ], [ 424, [ 393, 405 ] ],
[ 425, [ 406, 412 ] ], [ 426, [ 390, 413 ] ],
[ 427, [ 391, 414 ] ], [ 428, [ 391, 414 ] ],
[ 429, [ 391, 415 ] ], [ 430, [ 391, 415 ] ],
[ 431, [ 391, 416 ] ], [ 432, [ 391, 416 ] ],
[ 433, [ 391, 392, 393 ] ], [ 434, [ 397, 410 ] ],
[ 435, [ 400, 406, 417 ] ], [ 436, [ 401, 408, 409, 417 ] ],
[ 437, [ 399, 400, 401, 433 ] ], [ 438, [ 421, 425 ] ],
[ 439, [ 404, 426 ] ], [ 440, [ 412, 422 ] ],
[ 441, [ 405, 413 ] ], [ 442, [ 406, 410 ] ],
[ 443, [ 406, 408, 433 ] ], [ 444, [ 396, 408 ] ],
[ 445, [ 394, 434 ] ], [ 446, [ 419, 425, 435 ] ],
[ 447, [ 417, 420, 426 ] ], [ 448, [ 407, 417 ] ],
[ 449, [ 402, 406, 417, 433 ] ], [ 450, [ 403, 407, 417 ] ],
[ 451, [ 389, 394, 398, 402, 410 ] ],
[ 452, [ 389, 395, 403, 411 ] ], [ 453, [ 421, 423, 443 ] ],
[ 454, [ 422, 424, 433 ] ], [ 455, [ 407, 423, 444 ] ],
[ 456, [ 434, 442 ] ], [ 457, [ 406, 407, 411 ] ],
[ 458, [ 399, 404, 417 ] ], [ 459, [ 399, 405 ] ],
[ 460, [ 435, 436, 437, 443 ] ], [ 461, [ 401, 414 ] ],
[ 462, [ 397, 401, 416 ] ], [ 463, [ 401, 415 ] ],
[ 464, [ 416, 421, 425, 442 ] ],
[ 465, [ 406, 414, 415, 422, 426 ] ], [ 466, [ 409, 412, 433 ] ],
[ 467, [ 409, 413 ] ] ], [ 468, [418, 423, 436, 458 ] ],
[ 469, [ 418, 424, 459 ] ], [ 470, [ 418, 419, 437, 466 ] ],
[ 471, [ 418, 420, 467 ] ], [ 472, [ 418, 427, 461 ] ],
[ 473, [ 418, 428, 461 ] ], [ 474, [ 418, 420, 467 ] ],
[ 475, [ 418, 430, 463 ] ], [ 476, [ 378, 418, 431, 462 ] ],
[ 477, [ 418, 432, 462 ] ], [ 478, [ 421, 435, 437, 449, 458 ] ],
[ 479, [ 422, 437, 459 ] ],
[ 480, [ 434, 435, 442, 443, 449, 451 ] ],
[ 481, [ 425, 436, 443, 449, 466 ] ], [ 482, [ 426, 436, 467 ] ],
[ 483, [ 410, 438, 464 ] ], [ 484, [ 438, 439, 440, 465 ] ],
[ 485, [ 441 ] ], [ 486, [ 453, 460, 468, 470, 478, 481 ] ],
[ 487, [ 447, 468, 482 ] ], [ 488, [ 454, 471, 479 ] ],
[ 489, [ 424, 441, 459 ] ], [ 490, [ 448, 450, 455 ] ],
[ 491, [ 445, 446, 451, 453, 456, 464, 480 ] ],
[ 492, [ 447, 449, 454, 465 ] ], [ 493, [ 446, 450, 452, 457 ] ],
[ 494, [ 448, 449, 453, 455, 457 ] ], [ 495, [ 448, 449, 454 ] ],
[ 496, [ 460, 462, 464, 478, 480, 481 ] ],
[ 497, [ 460, 461, 463, 465, 479, 482 ] ],
[ 498, [ 469, 471, 485, 489 ] ],
[ 499, [ 446, 472, 474, 478, 484, 486, 487, 488, 492, 497 ] ],
[ 500, [ 438, 472, 486, 490, 493, 494 ] ],
[ 501, [ 438, 440, 474, 476, 486, 488, 490, 495 ] ],
[ 502, [ 468, 481, 483, 491, 496 ] ] ];


#Order 28: Groups: No. 182 to 185
Fusions28:=[ [ 1, [ ] ], [ 2, [ 1 ] ], [ 3, [ 1 ] ], [ 4, [ 1 ] ], [ 5, [ 1 ] ], [ 6, [ 1 ] ], [ 7, [ 1 ] ], [ 8, [ 1 ] ], [ 9, [ 1 ] ], [ 10, [ 2, 3 ] ], [ 11, [ 2, 9 ] ], [ 12, [ 2, 9 ] ], [ 13, [ 2 ] ], [ 14, [ 4 ] ], [ 15, [ 3, 4 ] ], [ 16, [ 3, 7 ] ], [ 17, [ 3, 7 ] ], [ 18, [ 3, 7 ] ], [ 19, [ 3, 7 ] ], [ 20, [ 3, 7 ] ], [ 21, [ 3, 7 ] ], [ 22, [ 3, 7 ] ], [ 23, [ 3, 7 ] ], [ 24, [ 3, 7 ] ], [ 25, [ 3, 7 ] ], [ 26, [ 3, 7 ] ], [ 27, [ 3 ] ], [ 28, [ 3 ] ], [ 29, [ 3 ] ], [ 30, [ 3 ] ], [ 31, [ 3 ] ], [ 32, [ 3 ] ], [ 33, [ 3 ] ], [ 34, [ 3, 7 ] ], [ 35, [ 3, 7 ] ], [ 36, [ 3, 7 ] ], [ 37, [ 3, 7 ] ], [ 38, [ 3, 7 ] ], [ 39, [ 3, 7 ] ], [ 40, [ 3, 7 ] ], [ 41, [ 3, 7 ] ], [ 42, [ 3, 7 ] ], [ 43, [ 3, 8 ] ], [ 44, [ 3, 8 ] ], [ 45, [ 3, 8 ] ], [ 46, [ 3, 8 ] ], [ 47, [ 3 ] ], [ 48, [ 3 ] ], [ 49, [ 3 ] ], [ 50, [ 3, 7 ] ], [ 51, [ 3, 7 ] ], [ 52, [ 3, 7 ] ], [ 53, [ 3 ] ], [ 54, [ 3 ] ], [ 55, [ 3, 6 ] ], [ 56, [ 3, 6 ] ], [ 57, [ 3, 6 ] ], [ 58, [ 3, 6 ] ], [ 59, [ 3, 7 ] ], [ 60, [ 3, 7 ] ], [ 61, [ 3, 7 ] ], [ 62, [ 3, 7 ] ], [ 63, [ 3, 7 ] ], [ 64, [ 3, 7 ] ], [ 65, [ 3, 7 ] ], [ 66, [ 3, 6 ] ], [ 67, [ 3 ] ], [ 68, [ 3 ] ], [ 69, [ 3 ] ], [ 70, [ 3, 7 ] ], [ 71, [ 3, 6 ] ], [ 72, [ 3 ] ], [ 73, [ 4, 9 ] ], [ 74, [ 1 ] ], [ 75, [ 1 ] ], [ 76, [ 10 ] ], [ 77, [ 10 ] ], [ 78, [ 10, 11 ] ], [ 79, [ 10, 72 ] ], [ 80, [ 11, 73 ] ], [ 81, [ 11 ] ], [ 82, [ 11 ] ], [ 83, [ 4 ] ], [ 84, [ 14, 73 ] ], [ 85, [ 73 ] ], [ 86, [ 6 ] ], [ 87, [ 3 ] ], [ 88, [ 73 ] ], [ 89, [ 73 ] ], [ 90, [ 12, 76, 78 ] ], [ 91, [ 76, 79 ] ], [ 92, [ 77, 78 ] ], [ 93, [ 77, 79 ] ], [ 94, [ 15, 78, 80 ] ], [ 95, [ 10, 87 ] ], [ 96, [ 11 ] ], [ 97, [ 82 ] ], [ 98, [ 82 ] ], [ 99, [ 80, 82 ] ], [ 100, [ 12, 80, 88 ] ], [ 101, [ 80, 89 ] ], [ 102, [ 73, 83 ] ], [ 103, [ 14, 15, 72 ] ], [ 104, [ 84, 88 ] ], [ 105, [ 84, 89 ] ], [ 106, [ 85, 88 ] ], [ 107, [ 85, 89 ] ], [ 108, [ 15 ] ], [ 109, [ 55, 72 ] ], [ 110, [ 7, 72 ] ], [ 111, [ 76, 95 ] ], [ 112, [ 77, 95 ] ], [ 113, [ 95 ] ], [ 114, [ 95 ] ], [ 115, [ 10, 73, 94 ] ], [ 116, [ 78, 81, 82 ] ], [ 117, [ 73, 94 ] ], [ 118, [ 78, 79, 81 ] ], [ 119, [ 80, 84, 85 ] ], [ 120, [ 80, 81, 84 ] ], [ 121, [ 88, 102 ] ], [ 122, [ 89, 102 ] ], [ 123, [ 55, 86 ] ], [ 124, [ 14, 83 ] ], [ 125, [ 90, 94, 100 ] ], [ 126, [ 90, 116 ] ], [ 127, [ 90, 91, 118 ] ], [ 128, [ 92, 116 ] ], [ 129, [ 92, 94, 101 ] ], [ 130, [ 92, 93, 118 ] ], [ 131, [ 100, 104, 106, 119 ] ], [ 132, [ 101, 105, 107, 119 ] ], [ 133, [ 100, 104, 120 ] ], [ 134, [ 101, 105, 120 ] ], [ 135, [ 99, 100, 106 ] ], [ 136, [ 99, 101 ] ], [ 137, [ 15, 83, 87 ] ], [ 138, [ 72, 87 ] ], [ 139, [ 84, 102, 124 ] ], [ 140, [ 80, 96, 102 ] ], [ 141, [ 81, 96 ] ], [ 142, [ 94, 99, 116, 120 ] ], [ 143, [ 94, 103, 118, 120 ] ], [ 144, [ 78, 95, 96 ] ], [ 145, [ 79, 95, 138 ] ], [ 146, [ 104, 121, 139 ] ], [ 147, [ 105, 122, 139 ] ], [ 148, [ 90, 111, 144 ] ], [ 149, [ 91, 111, 145 ] ], [ 150, [ 92, 112, 144 ] ], [ 151, [ 93, 112, 145 ] ], [ 152, [ 100, 121, 140 ] ], [ 153, [ 101, 122, 140 ] ], [ 154, [ 103, 108 ] ],

# Rank 12 and higher completed by Isolating Fusions project, February 2021.

[ 155, [ 113, 114, 149 ] ], 
[ 156, [ 97, 115, 125, 126, 131, 133, 135, 142 ] ], #add 97
[ 157, [ 117, 125, 127, 133, 143 ] ], 
[ 158, [ 98, 117, 128, 129, 134, 136, 142 ] ], 
[ 159, [ 115, 129, 130, 134, 143 ] ], 
[ 160, [ 94, 137, 140, 144 ] ], #add 94
[ 161, [ 103, 124, 137, 138 ] ], 
[ 162, [ 119, 139, 140 ] ], 
[ 163, [ 120, 139, 140, 141 ] ], #add 141
[ 164, [ 115, 160 ]], 
[ 165, [ 116, 141, 144 ]], #add 144
[ 166, [ 117, 160 ]], 
[ 167, [ 118, 141, 144, 145 ]], #not 138, add 141, 145
[ 168, [ 131, 146, 152, 162 ]], 
[ 169, [ 132, 147, 153, 162 ]], 
[ 170, [ 133, 146, 152, 163]], 
[ 171, [ 134, 147, 153, 163 ]], #not 141
[ 172, [ 108, 148, 152, 160 ]], #add 148
[ 173, [ 126, 148, 165 ]], 
[ 174, [ 127, 148, 167 ] ], 
[ 175, [ 74, 109, 155 ] ], 
[ 176, [ 75, 110, 155 ]], 
[ 177, [ 128, 150, 165 ]], 
[ 178, [ 129, 150, 153, 160 ]], #add 129
[ 179, [ 130, 150, 151, 167 ]], #not 141
[ 180, [ 142, 160, 163, 165 ]], 
[ 181, [ 143, 160, 161, 163, 167 ]], #not 141
[ 182, [ 166, 171, 177, 178, 180 ]], #add 158
[ 183, [ 159, 164, 171, 178, 179, 181 ]], 
[ 184, [ 156, 164, 168, 170, 172, 173, 180 ]], 
[ 185, [ 154, 157, 166, 170, 172, 174, 181 ]] 
]; 

#Order 29: Group: No. 26.
Fusions29:= [ [ 1, [ ] ], [ 2, [ 1 ] ], [ 3, [ 1 ] ], [ 4, [ 1 ] ], [ 5, [ 1 ] ], [ 6, [ 1 ] ], [ 7, [ 1 ] ], [ 8, [ 1 ] ], [ 9, [ 1 ] ], [ 10, [ 1 ] ], [ 11, [ 1 ] ], [ 12, [ 1 ] ], [ 13, [ 1 ] ], [ 14, [ 1 ] ], [ 15, [ 1 ] ], [ 16, [ 1 ] ], [ 17, [ 1 ] ], [ 18, [ 1 ] ], [ 19, [ 1 ] ], [ 20, [ 1 ] ], [ 21, [ 1 ] ], [ 22, [ 1 ] ], [ 23, [ 22 ] ], [ 24, [ 1 ] ], [ 25, [ 22, 24 ] ], [ 26, [ 23, 25 ] ] ];

#Order 30: [ [ 1, [ ]], 

[ 2, [ 1 ]], [ 3, [ 1 ]], [ 4, [ 1 ]], [ 5, [ 1 ]], [ 6, [ 1 ]], [ 7, [ 1 ] ], 

[ 8, [ 3 ] ], [ 9, [ 2, 5 ] ], [ 10, [ 2, 6 ] ], [ 11, [ 2 ] ], [ 12, [ 2, 7 ] ], [ 13, [ 2 ] ], [ 14, [ 4 ] ], [ 15, [ 3, 5 ] ], [ 16, [ 3 ] ], [ 17, [ 3, 6 ] ], [ 18, [ 3, 7 ] ], [ 19, [ 6 ] ], [ 20, [ 4, 6 ] ], [ 21, [ 4, 5 ] ], [ 22, [ 4, 7 ] ], [ 23, [ 5 ] ], [ 24, [ 7 ] ], [ 25, [ 7 ] ], [ 26, [ 7 ] ], [ 27, [ 7 ] ], [ 28, [ 7 ] ], [ 29, [ 7 ] ], [ 30, [ 7 ] ], [ 31, [ 6 ] ], 

[ 32, [ 8, 15 ] ], [ 33, [ 8, 16 ] ], [ 34, [ 8, 18 ] ], [ 35, [ 9, 15 ] ], [ 36, [ 9 ] ], [ 37, [ 10 ] ], [ 38, [ 10, 20 ] ], [ 39, [ 9, 10 ] ], [ 40, [ 9, 11 ] ], [ 41, [ 9, 23 ] ], [ 42, [ 11 ] ], [ 43, [ 10, 31 ] ], [ 44, [ 14, 20 ] ], [ 45, [ 14, 22 ] ], [ 46, [ 15, 23 ] ], [ 47, [ 15, 18 ] ], [ 48, [ 18, 22 ] ], [ 49, [ 18, 24 ] ], [ 50, [ 18 ] ], [ 51, [ 24 ] ], [ 52, [ 19, 31 ] ], [ 53, [ 22 ] ], [ 54, [ 20, 22 ] ], [ 55, [ 20, 31 ] ], [ 56, [ 14 ] ], 

[ 57, [ 32, 46 ] ], [ 58, [ 32, 34, 47 ] ], [ 59, [ 34, 50 ] ], [ 60, [ 8, 17, 31 ] ], [ 61, [ 17, 35, 39 ] ], [ 62, [ 35, 40 ] ], [ 63, [ 35, 41, 46 ] ], [ 64, [ 12, 35, 4 ] ], [ 65, [ 36, 41 ] ], [ 66, [ 21, 38, 39 ] ], [ 67, [ 12, 38, 54 ] ], [ 68, [ 37, 43 ] ], [ 69, [ 38, 43, 55 ] ], [ 70, [ 40, 42 ] ], [ 71, [ 39 ] ], [ 72, [ 11, 12, 24, 27 ] ], [ 73, [ 12, 30 ] ], [ 74, [ 12, 25 ] ], [ 75, [ 45, 53 ] ], [ 76, [ 44, 45, 54 ] ], [ 77, [ 14, 21, 23 ] ], [ 78, [ 44, 55 ] ], [ 79, [ 21, 47, 48 ] ], [ 80, [ 47, 49 ] ], [ 81, [ 27, 47 ] ], [ 82, [ 16, 17, 19 ] ], [ 83, [ 48 ] ], [ 84, [ 17, 48, 54 ] ], [ 85, [ 23 ] ], [ 86, [ 32, 35 ] ], [ 87, [ 32, 35, 36 ] ], [ 88, [ 44, 56 ] ], [ 89, [ 45, 56 ] ], [ 90, [ 34, 49 ] ], [ 91, [ 34, 48, 53 ] ], [ 92, [ 37, 38, 44 ] ], [ 93, [ 19, 38, 44 ] ], [ 94, [ 37 ] ], 

[ 95, [ 62 ] ], [ 96, [ 61, 71 ] ], [ 97, [ 36, 40 ] ], [ 98, [ 36, 39, 43 ] ], [ 99, [ 4, 42 ] ], [ 100, [ 37, 39, 41 ] ], [ 101, [ 70 ] ], [ 102, [ 66, 71 ] ], [ 103, [ 41, 85 ] ], [ 104, [ 45, 48, 50 ] ], [ 105, [ 50 ] ], [ 106, [ 79, 83 ] ], [ 107, [ 79, 83 ] ],[ 108, [ 46, 47, 50 ] ], [ 109, [ 16, 47, 50 ] ], [ 110, [ 46, 85 ] ], [ 111, [ 83, 84 ] ], [ 112, [ 53, 54 ] ], [ 113, [ 53, 54, 55 ] ], [ 114, [ 57, 63, 86 ] ], [ 115, [ 58, 64, 86 ] ], [ 116, [ 57, 63, 65, 87 ] ], [ 117, [ 58, 64, 87 ] ], [ 118, [ 75, 89 ] ], [ 119, [ 76, 88, 89 ] ], [ 120, [ 78, 88 ] ], 

[ 121, [ 59, 105 ] ], [ 122, [ 58, 80, 90 ] ], [ 123, [ 58, 80, 90 ] ], [ 124, [ 58, 81 ] ], [ 125, [ 58, 79, 91 ] ], [ 126, [ 58, 81 ] ], [ 127, [ 57, 58, 59, 108 ] ], [ 128, [ 33, 58, 59, 109 ] ], [ 129, [ 57, 110 ] ], [ 130, [ 67, 76, 92 ] ], [ 131, [ 55, 68, 69, 78, 92 ] ], [ 132, [ 67, 76, 93 ] ], [ 133, [ 52, 69, 78, 93 ] ], [ 134, [ 68, 94 ] ], [ 135, [ 61, 63, 100 ] ], [ 136, [ 61, 64, 66, 67, 79, 84 ] ], [ 137, [ 62, 64, 72, 80, 81 ] ], [ 138, [ 66, 69, 98 ] ], [ 139, [ 63, 64, 108 ] ], [ 140, [ 64, 109 ] ], [ 141, [ 63, 103, 110 ] ], [ 142, [ 65, 103 ] ], [ 143, [ 21, 70, 99 ] ], [ 144, [ 67, 112 ] ], [ 145, [ 67, 69, 113 ] ], [ 146, [ 76, 84, 104 ] ], [ 147, [ 75, 76, 112 ] ], [ 148, [ 75, 76, 78, 113 ] ], [ 149, [ 62, 87, 97 ] ], [ 150, [ 60, 61, 87, 98 ] ], [ 151, [ 33, 52, 60, 82 ] ], [ 152, [ 84, 91, 112 ] ], [ 153, [ 60, 84, 91, 113 ] ], [ 154, [ 66, 77, 92, 100 ] ], [ 155, [ 100 ] ], 

[ 156, [ 101, 143 ] ], [ 157, [ 104 ] ], [ 158, [ 77, 79, 104, 108 ] ], [ 159, [ 79, 104, 109 ] ], [ 160, [ 114, 115, 127, 139 ] ], [ 161, [ 115, 128, 140 ] ], [ 162, [ 114, 129, 141 ] ], [ 163, [ 116, 117, 127, 139 ] ], [ 164, [ 36, 117, 128, 140 ] ], [ 165, [ 116, 129, 141, 142 ] ], [ 166, [ 118, 119, 147 ] ], [ 167, [ 118, 119, 120, 148 ] ], [ 168, [ 56, 77, 85 ] ], [ 169, [ 59, 75, 83, 91, 104 ] ], [ 170, [ 112, 130, 144, 147 ] ], [ 171, [ 130, 131, 145, 148 ] ], [ 172, [ 132, 144, 147 ] ], [ 173, [ 132, 133, 145, 148 ] ], [ 174, [ 135, 155 ] ], [ 175, [ 81, 106, 111, 136 ] ], [ 176, [ 96, 102, 106, 111, 136 ] ], [ 177, [ 97, 101 ] ], [ 178, [ 65, 68, 71, 98, 100 ] ], 

[ 179, [ 146, 157 ] ], [ 180, [ 88, 92 ] ], [ 181, [ 88, 92, 94 ] ], [ 182, [ 89, 104, 105 ] ], [ 183, [ 154, 155 ] ], [ 184, [ 16, 101 ] ], [ 185, [ 94, 100, 103 ] ], [ 186, [ 157, 158 ] ], [ 187, [ 157, 159 ] ], [ 188, [ 105, 108 ] ], [ 189, [ 105, 108, 110 ]],

# Rank 12 and higher completed by Isolating Fusions project, February 2021. 

[ 190, [ 119, 130, 180 ]], 
[ 191, [ 120, 131, 180 ]], 
[ 192, [ 119, 130, 181 ]], 
[ 193, [ 120, 131, 134, 181 ]], 
[ 194, [ 115, 125, 136, 144, 152 ]], 
[ 195, [ 115, 123, 126, 137 ]], 
[ 196, [ 95, 117, 122, 124, 137, 149 ]], #add 95
[ 197, [ 96, 116, 135, 150, 178 ]], 
[ 198, [ 117, 125, 136, 138, 145, 150, 153 ]], 
[ 199, [ 119, 146, 182 ]], 
[ 200, [ 106, 125, 127, 158, 169 ]], 
[ 201, [ 106, 125, 128, 159, 169 ]], 
[ 202, [ 111, 146, 147, 152, 169 ]], 
[ 203, [ 111, 146, 148, 153, 169 ]], 
[ 204, [ 121, 127, 188 ]], 
[ 205, [ 121, 127, 129, 189 ]], 
[ 206, [ 130, 135, 136, 139, 146, 154, 158 ]], #add 146
[ 207, [ 82, 132, 136, 140, 146, 159 ]], #add 82, 146
[ 208, [ 102, 131, 138, 154, 178 ]], 
[ 209, [ 135, 141, 185 ]], 
[ 210, [ 139, 188 ]], 
[ 211, [ 139, 141, 189 ]], 

[ 212, [ 166, 170, 190 ]], 
[ 213, [ 167, 171, 190, 191 ]], 
[ 214, [ 166, 170, 192 ]], 
[ 215, [ 167, 171, 192, 193 ]], 
[ 216, [ 160, 204, 210 ]], 
[ 217, [ 160, 162, 205, 211 ]], 
[ 218, [ 163, 204, 210 ]], 
[ 219, [ 163, 165, 205, 211 ]], 
[ 220, [ 154, 168, 181, 185 ]], 
[ 221, [ 158, 182, 188 ]], 
[ 222, [ 158, 168, 182, 189 ]], 
[ 223, [ 118, 121, 157, 169, 182 ]], 
[ 224, [ 174, 179, 183, 186, 206 ]], 
[ 225, [ 179, 186, 206 ]], 
[ 226, [ 143, 156, 177, 184 ] ], 
[ 227, [ 155, 178, 185 ]], 

[ 228, [ 166, 179, 199, 202, 223 ]], 
[ 229, [ 179, 199, 203, 223 ]], 
[ 230, [ 160, 170, 175, 194, 200, 202, 206 ]], 
[ 231, [ 161, 172, 176, 194, 201, 202, 207 ]], 
[ 232, [ 163, 171, 176, 197, 198, 200, 203, 206, 208 ]], 
[ 233, [ 151, 164, 173, 175, 198, 201, 203, 207 ]], 
[ 234, [ 165, 174, 197, 209, 227 ]], 
[ 235, [ 186, 200, 204, 221, 223 ]], 
[ 236, [ 186, 200, 205, 222, 223 ]], 
[ 237, [ 190, 199, 206, 210, 221 ]], 
[ 238, [ 192, 199, 206, 209, 211, 220, 222 ]], 
[ 239, [ 193, 208, 220, 227 ]], 

[ 240, [ 214, 217, 225, 228, 230, 236, 238 ]], 
[ 241, [ 213, 218, 225, 232, 235, 237 ]], 
[ 242, [ 212, 216, 224, 228, 230, 235, 237 ]], 
[ 243, [ 215, 219, 224, 229, 232, 234, 236, 238, 239 ]] 
]; 
